4anrA01 1 10 8 350 1
5d6fA02 1 10 10 10 28
4zyeA02 1 10 10 10 57
2q8kA02 1 10 10 10 210
2zo4A02 1 10 10 10 397
1i3aA02 1 10 10 460 2
3gmfA02 1 10 40 110 1
4d3zA02 1 10 132 130 1
1m15A01 1 10 135 10 1
3h8jA02 1 10 150 20 2
1a76A02 1 10 150 20 34
2wf7A02 1 10 150 240 1
4jb3A02 1 10 150 240 6
4dccA02 1 10 150 240 7
2qltA02 1 10 150 240 24
3ibtA02 1 10 210 20 2
1dcqA01 1 10 220 150 6
2ip1A02 1 10 240 10 5
4eziA02 1 10 260 160 1
2wb0X01 1 10 269 10 1
3crrA02 1 10 287 890 1
2ze6A02 1 10 287 890 2
3a1tA02 1 10 287 1770 1
1xqoA02 1 10 340 30 1
5jviE02 1 10 390 10 1
2hl8A01 1 10 418 20 1
3eayA01 1 10 418 20 2
1u2kA02 1 10 420 10 6
2i53A01 1 10 472 10 1
1vinA01 1 10 472 10 2
2i53A02 1 10 472 10 3
1vinA02 1 10 472 10 4
3khiA01 1 10 472 150 1
2r3iA02 1 10 510 10 6
4r1vA02 1 10 510 10 7
3bhyA02 1 10 510 10 10
1t46A02 1 10 510 10 16
4btkA02 1 10 510 10 18
3warA01 1 10 510 10 21
2w5aA02 1 10 510 10 23
4i92A02 1 10 510 10 24
5e8sA02 1 10 510 10 30
4f0fA02 1 10 510 10 34
2qluA02 1 10 510 10 36
2h6dA02 1 10 510 10 52
3fhrA02 1 10 510 10 59
3q5zA01 1 10 510 10 62
3hkoA02 1 10 510 10 75
5cemA02 1 10 510 10 81
5ei6A02 1 10 510 10 82
3gb2A02 1 10 510 10 84
4r8qA02 1 10 510 10 132
1u2kA01 1 10 520 10 3
4anrA02 1 10 530 10 15
2z38A01 1 10 530 10 18
4gaxA01 1 10 600 10 28
1lj8A02 1 10 1040 10 39
3c7aA02 1 10 1040 10 43
1z6mA02 1 10 1200 90 1
1r1hA02 1 10 1380 10 1
4fh3A01 1 10 1410 10 1
4o69A01 1 10 1410 40 1
1xqoA01 1 10 1670 10 8
3h38A02 1 10 3090 10 2
2xsbA02 1 20 58 240 1
2h7oA02 1 20 58 1230 1
3ptrB02 1 20 58 1360 2
2yhsA01 1 20 120 140 4
1sziA02 1 20 120 340 4
2nsfA01 1 20 120 450 4
2h7oA01 1 20 120 1330 1
4g97A01 1 20 140 160 2
1efyA01 1 20 142 10 2
4gv2A01 1 20 142 10 2
1f5nA01 1 20 1000 10 1
3ir4A02 1 20 1050 10 5
2o5vA02 1 20 1050 90 1
3qbeA02 1 20 1090 10 14
3zuqA02 1 20 1120 10 2
3cuzA02 1 20 1220 12 2
4u4vA01 1 20 1250 20 4
4gc0A01 1 20 1250 20 5
4u4vA02 1 20 1250 20 6
4gc0A02 1 20 1250 20 8
3e4yA01 1 20 1280 120 1
3p0bA02 1 20 1430 10 1
4g75A01 1 20 1440 280 2
2w3cA02 1 25 10 10 39
2w3cA01 1 25 10 10 47
1dcqA02 1 25 40 20 20
3sbsA02 1 25 40 550 1
3rx7A02 1 50 10 10 27
1ut9A02 1 50 10 10 44
1sqcA01 1 50 10 20 9
1sqcA02 1 50 10 20 17
4fnvA01 1 50 10 100 4
5jmfA01 1 50 10 100 9
4gaxA02 1 50 10 130 4
2hjeA02 2 20 20 100 1
3c30A02 2 20 20 100 2
1bcoA02 2 30 30 130 1
4zk3A02 2 30 39 10 3
4x30A02 2 30 39 10 8
4kdsA02 2 30 39 10 12
3stoA02 2 30 39 10 25
2r9yA02 2 30 39 10 31
3hgpA02 2 40 10 10 1
1ssxA02 2 40 10 10 2
4m7gA02 2 40 10 10 3
3mfjA02 2 40 10 10 4
3mfjA01 2 40 10 10 5
5hxfA01 2 40 10 10 6
4m7gA01 2 40 10 10 8
1os8A01 2 40 10 10 8
3hgpA01 2 40 10 10 22
1os8A02 2 40 10 10 24
3wy8A01 2 40 10 10 25
5dgjA02 2 40 10 10 28
4k69A01 2 40 10 10 31
4k69A02 2 40 10 10 32
1p3cA02 2 40 10 10 35
1ssxA01 2 40 10 10 36
3s9bA01 2 40 10 10 39
3wy8A02 2 40 10 10 41
4inlA01 2 40 10 10 42
3s9bA02 2 40 10 10 44
4jcnA01 2 40 10 10 45
1p3cA01 2 40 10 10 48
1duaA02 2 40 10 10 55
4jcnA02 2 40 10 10 58
2olgA02 2 40 10 10 61
4inlA02 2 40 10 10 82
3w95A02 2 40 10 10 84
5dgjA01 2 40 10 10 85
2olgA01 2 40 10 10 92
5hxfA02 2 40 10 10 95
1duaA01 2 40 10 10 102
3w95A01 2 40 10 10 149
2qdxA01 2 40 30 10 16
4oosA02 2 40 30 120 2
3d30A01 2 40 40 10 13
1unsA01 2 40 50 110 2
3ea6A02 2 40 50 110 3
1et9A02 2 40 50 110 9
4y5lA02 2 40 70 10 1
4y5lA01 2 40 70 10 4
3ka2A01 2 40 70 10 14
3ka2A02 2 40 70 10 14
1t6eX01 2 40 70 10 25
1t6eX02 2 40 70 10 31
4c5pA02 2 40 128 150 1
4kh8A02 2 40 128 540 1
4kh8A01 2 40 128 540 2
1xkwA02 2 40 170 20 2
1kmoA02 2 40 170 20 3
4b7oA02 2 40 170 20 4
2gufA02 2 40 170 20 7
3fhhA02 2 40 170 20 9
3e4yA02 2 40 180 10 7
4gsrA02 2 40 440 10 3
4oosA01 2 40 510 10 1
3sbsA01 2 60 34 20 1
2fboJ01 2 60 40 10 294
2fboJ02 2 60 40 10 296
3qdhA02 2 60 40 10 348
1ut9A01 2 60 40 10 405
3rx7A01 2 60 40 10 539
3qdhA01 2 60 40 740 9
3d30A02 2 60 40 760 3
2nsmA02 2 60 40 1120 1
4iykA01 2 60 40 1120 5
4eiuA01 2 60 40 1120 6
4x9yA02 2 60 40 1180 1
1mwoA02 2 60 40 1180 10
5a2aA02 2 60 40 1180 40
3dc0A02 2 60 40 1180 86
3ii1A01 2 60 40 1180 95
4iykA02 2 60 40 2060 3
4eiuA02 2 60 40 2060 4
3gf8A02 2 60 40 2090 2
3gf8A01 2 60 40 2100 2
3ufiA01 2 60 40 2620 5
3ufiA02 2 60 40 2630 4
3v55A02 2 60 40 3360 1
4gsrA01 2 60 40 3710 1
4eweA02 2 60 120 10 9
5cadA02 2 60 120 10 18
5cadA01 2 60 120 10 52
4eweA01 2 60 120 10 74
2vecA02 2 60 120 10 94
2vecA01 2 60 120 10 137
3fuoA01 2 60 120 200 22
3n7lA01 2 60 120 200 41
1diwA01 2 60 120 200 66
3pmsA02 2 60 120 230 2
3pmsA01 2 60 120 230 3
3hjrA02 2 60 120 260 12
3c7eA01 2 60 120 260 58
4xvhA01 2 60 120 260 131
3ptrB01 2 60 120 650 4
2bsyA01 2 70 40 10 8
2bsyA02 2 70 40 10 16
4fnvA02 2 70 98 70 1
5jmfA02 2 70 98 70 4
3fuoA02 2 80 10 50 70
1diwA02 2 80 10 50 88
3n7lA02 2 80 10 50 89
3c7eA02 2 115 10 20 4
1o6gA02 2 130 10 120 1
1yr2A02 2 130 10 120 4
4i35A01 2 150 10 10 1
3oh3A02 2 160 10 30 1
1kmoA01 2 170 130 10 1
2gufA01 2 170 130 10 3
3fhhA01 2 170 130 10 8
1xkwA01 2 170 130 10 9
4b7oA01 2 170 130 10 10
3ea6A01 3 10 20 120 1
1unsA02 3 10 20 120 3
1et9A01 3 10 20 120 10
1itxA02 3 10 50 10 1
1vf8A02 3 10 50 10 2
3w4rA02 3 10 50 10 2
3alfA02 3 10 50 10 3
3g6mA02 3 10 50 10 7
4nzcA02 3 10 50 10 11
4ofjA02 3 10 105 10 9
5icqA02 3 10 105 10 18
5jviE01 3 10 170 10 1
5d7zA02 3 10 180 10 7
5d7zA01 3 10 180 10 7
1r6xA01 3 10 400 10 1
1wnhA01 3 10 450 10 3
1wnhA02 3 10 450 10 8
3ddjA02 3 10 580 10 5
3ddjA01 3 10 580 10 11
3kh5A02 3 10 580 10 20
3kh5A01 3 10 580 10 22
1itxA01 3 20 20 80 7
4x9yA01 3 20 20 80 15
1vf8A01 3 20 20 80 27
3suuA01 3 20 20 80 46
1mwoA01 3 20 20 80 70
5a2aA01 3 20 20 80 90
3g6mA01 3 20 20 80 96
3alfA01 3 20 20 80 98
4nzcA01 3 20 20 80 102
3w4rA01 3 20 20 80 132
3dc0A01 3 20 20 80 152
3ii1A02 3 20 20 80 179
2xsbA01 3 20 20 80 187
3co4A01 3 20 20 80 192
2oktA02 3 20 20 120 26
4g7fA02 3 20 20 120 44
1jpdX02 3 20 20 120 54
3cuzA01 3 20 20 360 1
3p0bA01 3 20 110 10 2
3lkmA02 3 20 200 10 1
3oz2A02 3 30 9 10 5
4x9mA02 3 30 9 10 20
3c4aA02 3 30 9 20 1
3rp7A02 3 30 9 30 2
2z38A02 3 30 20 10 1
2qorA02 3 30 63 10 4
5dz6A02 3 30 70 250 1
4rl1A02 3 30 70 250 9
2omlA01 3 30 70 580 4
4ed4A02 3 30 70 890 4
1uekA02 3 30 70 890 10
2omlA02 3 30 70 1560 1
3i4hX01 3 30 70 1890 1
3i4hX02 3 30 70 1900 3
4zyeA01 3 30 160 70 1
3warA02 3 30 200 20 1
3bhyA01 3 30 200 20 5
4i92A01 3 30 200 20 16
4r1vA01 3 30 200 20 19
5e8sA01 3 30 200 20 38
2qluA01 3 30 200 20 38
1t46A01 3 30 200 20 39
2r3iA01 3 30 200 20 49
4f0fA01 3 30 200 20 58
3hkoA01 3 30 200 20 59
3gb2A01 3 30 200 20 80
5ei6A01 3 30 200 20 95
4dcaA01 3 30 200 20 96
2h6dA01 3 30 200 20 98
1l8tA01 3 30 200 20 114
3fhrA01 3 30 200 20 126
4btkA01 3 30 200 20 148
2w5aA01 3 30 200 20 165
5cemA01 3 30 200 20 181
3q5zA02 3 30 200 20 185
3lkmA01 3 30 200 20 212
3pfyA01 3 30 200 90 1
4f78A01 3 30 200 180 1
1uekA01 3 30 230 10 5
4ed4A01 3 30 230 10 5
1wf3A02 3 30 300 20 10
5bsvA02 3 30 300 30 1
2hl8A02 3 30 310 130 1
3eayA02 3 30 310 130 2
3suuA02 3 30 379 10 5
2oktA01 3 30 390 10 2
4g7fA01 3 30 390 10 6
1jpdX01 3 30 390 10 58
3i3lA02 3 30 390 160 1
1i3aA01 3 30 420 10 19
1w9hA02 3 30 420 10 56
1bcoA01 3 30 420 10 61
2ivnA02 3 30 420 40 7
4no7A02 3 30 420 40 9
2ivnA01 3 30 420 40 23
3hz6A02 3 30 420 40 137
3hz6A01 3 30 420 40 144
2hjeA01 3 30 450 220 1
3c30A01 3 30 450 220 1
4g75A02 3 30 450 400 1
4fh3A02 3 30 460 10 5
3h38A01 3 30 460 10 6
4o69A02 3 30 460 90 1
4fflA02 3 30 470 20 24
1s68A02 3 30 470 30 12
4zk3A01 3 30 497 10 3
4x30A01 3 30 497 10 5
4kdsA01 3 30 497 10 8
3stoA01 3 30 497 10 21
2r9yA01 3 30 497 10 26
1jp4A01 3 30 540 10 3
3b8bA01 3 30 540 10 7
1k9zA01 3 30 540 10 10
2rkvA02 3 30 559 10 1
2rkvA01 3 30 559 10 2
5falA02 3 30 559 10 3
5falA01 3 30 559 10 7
1m15A02 3 30 590 10 1
1sziA01 3 30 720 170 1
3go9A02 3 30 830 10 1
3go9A01 3 30 830 10 2
3d3yA01 3 30 830 10 12
3d3yA02 3 30 830 10 28
1f0iA01 3 30 870 10 1
1f0iA02 3 30 870 10 13
2nsfA02 3 30 1050 20 1
3p2wA02 3 30 1120 30 1
3p2wA01 3 30 1120 30 2
3lupA02 3 30 1180 10 6
2rb5A02 3 30 1240 10 1
4ei8A01 3 30 1330 190 1
3szyA02 3 30 1360 110 1
4f78A02 3 30 1380 10 2
1s68A01 3 30 1490 70 4
4jsrA02 3 30 1600 10 1
4c5pA01 3 30 2140 10 1
1si7A02 3 30 2340 10 1
1v9fA01 3 30 2350 10 2
1si7A01 3 30 2350 20 1
3co4A02 3 40 5 30 1
1z6mA01 3 40 30 10 25
3ir4A01 3 40 30 10 180
3gmfA01 3 40 30 10 191
2qdxA02 3 40 50 80 4
3qv2A01 3 40 50 150 143
3hjrA01 3 40 50 200 24
2yhsA02 3 40 50 300 23
2axnA01 3 40 50 300 48
2o5vA01 3 40 50 300 96
3a1tA01 3 40 50 300 132
1f5nA02 3 40 50 300 158
1wf3A01 3 40 50 300 162
3crrA01 3 40 50 300 330
2qorA01 3 40 50 300 400
2ze6A01 3 40 50 300 473
1r6xA02 3 40 50 620 4
1nzjA02 3 40 50 620 48
1nzjA01 3 40 50 620 52
2ip1A01 3 40 50 620 59
4wpgA01 3 40 50 720 3
2p5yA01 3 40 50 720 32
3b6zA02 3 40 50 720 74
5dp2A02 3 40 50 720 88
2w4qA02 3 40 50 720 89
3c7aA01 3 40 50 720 162
1s6yA01 3 40 50 720 449
1lj8A01 3 40 50 720 466
3gmsA02 3 40 50 720 476
3gohA02 3 40 50 720 498
4fflA01 3 40 50 720 549
2rb5A01 3 40 50 1000 1
2wf7A01 3 40 50 1000 8
3pdwA01 3 40 50 1000 10
4jb3A01 3 40 50 1000 28
2qltA01 3 40 50 1000 53
4dccA01 3 40 50 1000 84
3pdwA02 3 40 50 1000 114
3h8jA01 3 40 50 1010 15
1a76A01 3 40 50 1010 20
3ss7X02 3 40 50 1100 16
3ss7X01 3 40 50 1100 51
4xvhA02 3 40 50 1110 19
4jsrA01 3 40 50 1220 3
4aruA01 3 40 50 1240 13
2axnA02 3 40 50 1240 14
4aruA02 3 40 50 1240 25
4ei8A02 3 40 50 1440 4
3v55A01 3 40 50 1460 7
4d3zA01 3 40 50 1460 11
1o6gA01 3 40 50 1820 20
1yr2A01 3 40 50 1820 20
4eziA01 3 40 50 1820 29
3ibtA01 3 40 50 1820 223
2cb9A01 3 40 50 1820 226
2jfnA02 3 40 50 1860 9
2jfnA01 3 40 50 1860 14
3qbeA01 3 40 50 1970 8
3lhsA01 3 40 50 1980 28
2ov3A01 3 40 50 1980 49
3lhsA02 3 40 50 1980 55
4ljsA02 3 40 50 1980 60
2ov3A02 3 40 50 1980 78
1efdN02 3 40 50 1980 81
4ljsA01 3 40 50 1980 89
1efdN01 3 40 50 1980 93
2vchA01 3 40 50 2000 2
4l22A02 3 40 50 2000 6
2vchA02 3 40 50 2000 20
2pq6A02 3 40 50 2000 20
2pq6A01 3 40 50 2000 40
4l22A01 3 40 50 2000 100
3uk0A02 3 40 50 2300 6
4rs3A02 3 40 50 2300 7
3ip5A02 3 40 50 2300 13
1z17A02 3 40 50 2300 13
3d02A02 3 40 50 2300 14
3d02A01 3 40 50 2300 15
4rs3A01 3 40 50 2300 26
4f06A02 3 40 50 2300 49
3lopA02 3 40 50 2300 59
4kqcA02 3 40 50 2300 67
4g97A02 3 40 50 2300 70
4kqcA01 3 40 50 2300 71
4yleA02 3 40 50 2300 81
4m88A02 3 40 50 2300 99
4yleA01 3 40 50 2300 111
4y9tA01 3 40 50 2300 113
3i45A02 3 40 50 2300 114
1w9hA01 3 40 50 2300 126
4f06A01 3 40 50 2300 152
4y9tA02 3 40 50 2300 188
3s99A01 3 40 50 2300 190
3uk0A01 3 40 50 2300 208
3ip5A01 3 40 50 2300 216
1z17A01 3 40 50 2300 216
3i45A01 3 40 50 2300 224
3lopA01 3 40 50 2300 309
4m88A01 3 40 50 2300 335
3s99A02 3 40 50 2300 345
3lupA01 3 40 50 10170 3
2vf5X01 3 40 50 10490 4
2vf5X02 3 40 50 10490 30
1yqeA02 3 40 50 10700 2
2i7vA02 3 40 50 10890 2
3ajeA02 3 40 50 11030 1
4r9vA02 3 40 50 11110 1
4r9vA01 3 40 50 11120 2
2hhcA01 3 40 50 11340 2
2hhcA02 3 40 50 11350 2
5bsvA01 3 40 50 12780 1
4i62A01 3 40 190 10 2
1si0A01 3 40 190 10 5
2v3uA01 3 40 190 10 6
2onsA01 3 40 190 10 30
2onsA02 3 40 190 10 31
4qhqA01 3 40 190 10 41
1si0A02 3 40 190 10 48
4euoA02 3 40 190 10 56
4gotA01 3 40 190 10 62
1pb8A01 3 40 190 10 73
3oenA01 3 40 190 10 74
2v84A02 3 40 190 10 95
2v84A01 3 40 190 10 109
1xs5A01 3 40 190 10 117
1pb8A02 3 40 190 10 137
2czlA01 3 40 190 10 138
4i62A02 3 40 190 10 147
4qhqA02 3 40 190 10 149
1xs5A02 3 40 190 10 149
4euoA01 3 40 190 10 153
3oenA02 3 40 190 10 176
2v3uA02 3 40 190 10 225
2czlA02 3 40 190 10 243
4gotA02 3 40 190 10 244
3un6A01 3 40 190 10 275
3un6A02 3 40 190 10 313
3uifA02 3 40 190 10 363
4ofjA01 3 40 190 10 372
3uifA01 3 40 190 10 377
5icqA01 3 40 190 10 385
1k9zA02 3 40 190 80 3
1jp4A02 3 40 190 80 7
3b8bA02 3 40 190 80 12
1e0cA02 3 40 250 10 10
1uarA02 3 40 250 10 11
1uarA01 3 40 250 10 15
1e0cA01 3 40 250 10 22
3utnX02 3 40 250 10 29
3utnX01 3 40 250 10 34
5dz6A01 3 40 366 10 6
4rl1A01 3 40 366 10 7
4no7A01 3 40 367 20 2
4i35A02 3 40 390 10 9
3khiA02 3 40 390 10 27
1r1hA01 3 40 390 10 29
4yp2B01 3 40 420 10 1
2z4uA01 3 40 420 10 2
3px8X01 3 40 420 10 4
3ctkA01 3 40 420 10 6
1rl0A01 3 40 420 10 7
2b7uA01 3 40 420 10 8
4fbhA01 3 40 420 10 11
2nsmA01 3 40 630 10 39
1yqeA01 3 40 630 50 1
4effA02 3 40 640 10 64
3szyA01 3 40 720 10 10
1eqjA02 3 40 720 10 19
2vosA01 3 40 1190 10 14
1eqjA01 3 40 1450 10 1
4cdpA01 3 40 1570 10 1
4cdpA02 3 40 1570 10 2
3oz2A01 3 50 50 60 12
3ka7A01 3 50 50 60 53
4x9mA01 3 50 50 60 84
3c4aA01 3 50 50 60 90
3rp7A01 3 50 50 60 106
3i3lA01 3 50 50 60 194
2zo4A01 3 60 15 10 37
2i7vA01 3 60 15 10 41
4q7fA01 3 60 21 10 21
3kqjA02 3 65 10 10 1
3kqjA01 3 65 10 10 2
3nvsA02 3 65 10 10 3
3nvsA01 3 65 10 10 4
2o0bA01 3 65 10 10 5
2o0bA02 3 65 10 10 6
2pqcA02 3 65 10 10 7
2pqcA01 3 65 10 10 9
2p5yA02 3 90 25 10 9
4wpgA02 3 90 25 10 12
1s6yA02 3 90 110 10 16
3qv2A02 3 90 120 10 3
2wb0X02 3 90 148 10 1
1qs2A01 3 90 176 10 1
1qs2A02 3 90 176 10 3
5h04A02 3 90 176 10 3
5h04A01 3 90 176 10 11
5dp2A01 3 90 180 10 1
3gmsA01 3 90 180 10 10
3gohA01 3 90 180 10 18
2w4qA01 3 90 180 10 36
3b6zA01 3 90 180 10 41
2vosA02 3 90 190 20 12
2jhmF01 3 90 215 10 1
1efyA02 3 90 228 10 5
4gv2A02 3 90 228 10 7
5d6fA01 3 90 230 10 8
2q8kA01 3 90 230 10 10
2c43A02 3 90 470 20 5
2c43A01 3 90 470 20 9
3oh3A01 3 90 550 10 67
3ka7A02 3 90 660 50 1
4q7fA02 3 90 780 10 6
3ajeA01 3 90 870 10 4
4effA01 3 90 1150 10 58
4dcaA02 3 90 1200 10 8
1l8tA02 3 90 1200 10 18
3zuqA01 3 90 1240 10 3
4yp2B02 4 10 470 10 1
2z4uA02 4 10 470 10 2
3ctkA02 4 10 470 10 2
3px8X02 4 10 470 10 5
2b7uA02 4 10 470 10 9
1rl0A02 4 10 470 10 11
4fbhA02 4 10 470 10 13
2jhmF02 4 10 530 10 1
3pfyA02 6 10 20 180 1
4r8qA01 6 10 130 20 1
1v9fA02 6 10 140 230 1
2cb9A02 6 10 300 10 1
