PDB obl n_obl bio n_bio
1a76 26.00 74.00 99.99 0.01
1am5 44.37 55.63 99.85 0.15
1bco 22.53 77.47 99.67 0.33
1boh 51.05 48.95 100.00 0.00
1by3 55.40 44.60 100.00 0.00
1cjc 30.19 69.81 99.48 0.52
1dcq 29.02 70.98 100.00 0.00
1diw 86.00 14.00 99.91 0.09
1dua 22.36 77.64 100.00 0.00
1dyq 5.73 94.27 99.99 0.01
1e0c 12.11 87.89 99.92 0.08
1efd 81.94 18.06 99.99 0.01
1efy 24.69 75.31 99.94 0.06
1eqj 10.74 89.26 73.52 26.48
1et9 24.19 75.81 100.00 0.00
1ewf 51.39 48.61 98.04 1.96
1f0i 74.58 25.42 100.00 0.00
1f5n 96.04 3.96 99.87 0.13
1fbn 6.33 93.67 100.00 0.00
1fep 31.83 68.17 100.00 0.00
1fhu 59.71 40.28 99.97 0.03
1fmu 61.61 38.39 99.97 0.03
1gc5 49.23 50.77 99.57 0.43
1gkz 57.97 42.03 99.87 0.13
1gwu 89.96 10.04 99.14 0.86
1i3a 11.27 88.73 100.00 0.00
1itx 2.34 97.66 100.00 0.00
1ixk 21.92 78.08 100.00 0.00
1jix 48.05 51.95 99.98 0.02
1jp4 24.73 75.27 100.00 0.00
1jpd 8.72 91.28 99.99 0.01
1jx6 34.06 65.94 99.07 0.93
1k1w 29.93 70.07 99.82 0.18
1k9z 22.49 77.51 100.00 0.00
1kb0 21.16 78.84 99.90 0.10
1kmo 19.61 80.39 100.00 0.00
1l8t 12.78 87.22 99.99 0.01
1lc0 58.72 41.28 99.83 0.17
1lf2 75.11 24.89 99.99 0.01
1lj8 15.43 84.57 98.17 1.83
1m15 15.55 84.45 99.99 0.01
1mgp 25.30 74.70 100.00 0.00
1mgt 35.77 64.23 99.98 0.02
1mwo 12.76 87.24 100.00 0.00
1nm8 92.51 7.49 100.00 0.00
1nr0 65.89 34.11 68.96 31.04
1nrw 33.77 66.23 96.32 3.68
1nzj 28.24 71.76 99.59 0.41
1o6g 89.51 10.49 99.97 0.03
1obd 69.40 30.60 99.84 0.16
1ogm 65.18 34.82 100.00 0.00
1oi7 37.04 62.96 100.00 0.00
1os8 7.31 92.69 100.00 0.00
1p3c 6.21 93.79 100.00 0.00
1pb8 11.11 88.89 99.93 0.07
1q92 37.97 62.03 99.84 0.16
1qgo 69.01 30.99 99.79 0.21
1qnt 47.68 52.32 99.99 0.01
1qs2 76.50 23.50 99.65 0.35
1quk 46.74 53.26 76.95 23.05
1r1h 86.54 13.46 99.99 0.01
1r6x 20.03 79.97 99.99 0.01
1rl0 22.87 77.13 100.00 0.00
1rpj 49.07 50.93 97.00 3.00
1ryo 31.23 68.77 96.57 3.43
1s50 13.29 86.71 99.96 0.04
1s68 7.72 92.28 100.00 0.00
1s6y 72.52 27.48 100.00 0.00
1si0 9.71 90.29 99.95 0.05
1si7 94.28 5.72 97.16 2.84
1sqc 94.12 5.88 100.00 0.00
1sqh 59.02 40.98 100.00 0.00
1ssx 5.95 94.05 99.93 0.07
1sw2 5.62 94.38 99.77 0.23
1szi 8.88 91.12 99.99 0.01
1t46 70.42 29.58 100.00 0.00
1t6c 49.15 50.85 100.00 0.00
1t6e 28.92 71.08 99.98 0.02
1tff 36.89 63.11 99.98 0.02
1u2k 76.82 23.18 99.96 0.04
1u8x 64.98 35.02 100.00 0.00
1uar 27.05 72.95 100.00 0.00
1uek 84.89 15.11 99.95 0.05
1uh7 66.87 33.13 99.99 0.01
1uns 8.01 91.99 99.94 0.06
1ut9 5.21 94.79 100.00 0.00
1ux6 22.77 77.23 99.13 0.87
1v34 54.22 45.78 98.70 1.30
1v9f 2.72 97.28 99.95 0.05
1vf8 0.34 99.66 100.00 0.00
1vin 22.51 77.49 99.93 0.07
1vjv 50.30 49.70 99.85 0.15
1vkw 29.25 70.75 99.98 0.02
1vnh 45.27 54.73 100.00 0.00
1vqz 9.14 90.86 99.74 0.26
1w4t 48.91 51.09 100.00 0.00
1w9h 78.22 21.78 100.00 0.00
1wf3 17.56 82.44 99.63 0.37
1wnh 2.33 97.67 100.00 0.00
1x42 15.16 84.84 99.31 0.69
1xdn 29.51 70.49 100.00 0.00
1xgk 11.16 88.84 99.99 0.01
1xkw 4.20 95.80 100.00 0.00
1xqo 10.69 89.31 99.73 0.27
1xs5 2.31 97.69 99.04 0.96
1xvx 58.01 41.99 99.51 0.49
1yqe 22.15 77.85 100.00 0.00
1yqt 74.01 25.99 99.90 0.10
1yr2 85.77 14.23 48.98 51.02
1z17 15.29 84.71 95.20 4.80
1z6m 13.29 86.71 99.99 0.01
1z74 9.80 90.20 99.98 0.02
1zsw 60.09 39.91 100.00 0.00
1zu4 40.17 59.83 100.00 0.00
1zx5 36.11 63.89 100.00 0.00
2a4o 9.53 90.47 100.00 0.00
2ah2 54.83 45.17 99.99 0.01
2axn 13.54 86.46 99.95 0.05
2b7u 11.59 88.41 100.00 0.00
2bmb 34.31 65.69 99.99 0.01
2bmw 9.96 90.04 99.82 0.18
2bsy 18.27 81.73 99.98 0.02
2c43 20.57 79.43 99.92 0.08
2cb9 5.54 94.46 100.00 0.00
2cmw 35.97 64.03 99.59 0.41
2cx1 37.07 62.93 100.00 0.00
2cxa 2.74 97.26 100.00 0.00
2czl 6.58 93.42 99.99 0.01
2d05 28.24 71.76 100.00 0.00
2de2 35.89 64.11 99.99 0.01
2dh2 37.41 62.59 99.97 0.03
2e4t 47.45 52.55 100.00 0.00
2et6 94.08 5.92 99.95 0.05
2eyi 37.17 62.83 99.78 0.22
2f8l 47.43 52.57 99.84 0.16
2fbo 6.54 93.46 99.94 0.06
2gke 36.08 63.92 98.10 1.90
2guf 7.22 92.78 100.00 0.00
2h1v 14.29 85.71 99.98 0.02
2h6d 23.66 76.34 99.97 0.03
2h7o 98.35 1.65 94.05 5.95
2haf 61.40 38.60 99.98 0.02
2hdf 11.07 88.93 100.00 0.00
2hhc 84.93 15.07 95.25 4.75
2hje 16.39 83.61 100.00 0.00
2hl8 23.95 76.05 99.99 0.01
2hq0 67.30 32.70 98.50 1.50
2i49 40.70 59.30 100.00 0.00
2i53 12.43 87.57 99.99 0.01
2i7v 20.93 79.07 99.91 0.09
2i7x 51.08 48.92 100.00 0.00
2ici 10.91 89.09 99.94 0.06
2ics 10.64 89.36 100.00 0.00
2ie8 66.85 33.15 78.22 21.78
2ii0 65.68 34.32 98.22 1.78
2ip1 86.06 13.94 99.97 0.03
2ipq 5.78 94.22 100.00 0.00
2iv7 44.05 55.95 99.37 0.63
2ivn 16.27 83.73 99.97 0.03
2j3x 86.62 13.38 96.18 3.82
2jfn 17.72 82.28 98.83 1.17
2jhm 18.27 81.73 100.00 0.00
2noo 22.81 77.19 64.68 35.32
2nsf 27.94 72.06 99.98 0.02
2nsm 26.67 73.33 99.90 0.10
2o0b 7.63 92.37 61.40 38.60
2o5v 21.58 78.42 87.51 12.49
2oay 89.83 10.17 100.00 0.00
2obl 9.53 90.47 99.81 0.19
2odt 40.29 59.71 99.82 0.18
2og2 53.42 46.58 99.99 0.01
2okt 29.37 70.63 99.99 0.01
2olg 14.81 85.19 100.00 0.00
2oml 11.51 88.49 99.99 0.01
2ons 19.00 81.00 99.29 0.71
2opj 4.75 95.25 100.00 0.00
2ov3 24.06 75.94 100.00 0.00
2p5y 11.57 88.43 100.00 0.00
2pef 66.47 33.53 100.00 0.00
2pq6 72.43 27.57 99.07 0.93
2pqc 15.64 84.36 89.50 10.50
2q6u 17.89 82.11 100.00 0.00
2q8k 3.72 96.28 99.82 0.18
2q8p 55.13 44.87 99.44 0.56
2qdx 14.50 85.50 98.44 1.56
2qf5 66.57 33.43 99.95 0.05
2qfl 59.79 40.21 99.47 0.53
2qgn 5.35 94.65 99.99 0.01
2qlt 0.47 99.53 99.96 0.04
2qlu 8.90 91.10 99.92 0.08
2qok 60.60 39.40 99.62 0.38
2qor 1.76 98.24 99.99 0.01
2r3i 19.75 80.25 100.00 0.00
2r9y 96.29 3.71 99.90 0.10
2rb5 15.65 84.35 99.98 0.02
2rgj 50.24 49.76 100.00 0.00
2rkv 75.23 24.77 100.00 0.00
2uyt 47.58 52.42 100.00 0.00
2v3u 5.93 94.07 99.89 0.11
2v7k 26.03 73.97 99.96 0.04
2v84 28.45 71.55 94.65 5.35
2vch 81.14 18.86 99.99 0.01
2vcn 35.31 64.69 99.83 0.17
2vec 28.44 71.56 100.00 0.00
2vf5 16.61 83.39 100.00 0.00
2vkq 37.03 62.97 100.00 0.00
2vos 2.22 97.78 94.34 5.66
2w3c 73.38 26.62 99.88 0.12
2w4q 86.38 13.63 99.94 0.06
2w5a 5.43 94.57 100.00 0.00
2w5q 35.99 64.01 100.00 0.00
2wb0 72.22 27.78 99.70 0.30
2wf7 7.46 92.54 99.83 0.17
2wxu 17.46 82.54 100.00 0.00
2x4l 58.47 41.53 99.99 0.01
2x7q 16.27 83.73 99.67 0.33
2x9z 7.89 92.11 100.00 0.00
2xsb 25.55 74.45 99.26 0.74
2xuz 35.95 64.05 99.99 0.01
2xw9 11.63 88.37 100.00 0.00
2xy4 35.26 64.74 100.00 0.00
2yex 32.37 67.63 99.99 0.01
2yha 44.34 55.66 97.86 2.14
2yhs 76.88 23.12 99.97 0.03
2ylh 33.73 66.27 99.92 0.08
2yu2 25.75 74.25 100.00 0.00
2z38 10.06 89.94 100.00 0.00
2z4u 10.34 89.66 100.00 0.00
2zcv 50.78 49.22 99.92 0.08
2ze6 15.12 84.88 100.00 0.00
2zo4 18.60 81.40 100.00 0.00
3a1t 11.57 88.43 99.98 0.02
3a8t 68.95 31.05 100.00 0.00
3aap 59.11 40.89 99.75 0.25
3aje 15.65 84.35 98.35 1.65
3alf 1.58 98.42 100.00 0.00
3ats 42.10 57.90 99.86 0.14
3b1v 10.38 89.62 99.99 0.01
3b6z 17.95 82.05 99.88 0.12
3b8b 14.13 85.87 100.00 0.00
3bhy 29.11 70.89 99.80 0.20
3big 88.63 11.37 99.72 0.28
3bsg 1.31 98.69 100.00 0.00
3byv 68.98 31.02 92.01 7.99
3c30 28.24 71.76 99.97 0.03
3c4a 75.77 24.23 99.86 0.14
3c7a 73.38 26.62 98.88 1.12
3c7e 22.61 77.39 99.93 0.07
3co4 1.18 98.82 100.00 0.00
3cop 82.11 17.89 98.37 1.63
3crr 17.38 82.62 100.00 0.00
3cs1 38.90 61.10 100.00 0.00
3ctk 4.92 95.08 100.00 0.00
3cuz 15.77 84.23 100.00 0.00
3d02 4.40 95.60 99.88 0.12
3d14 34.67 65.33 99.97 0.03
3d30 26.14 73.86 99.97 0.03
3d3y 85.84 14.16 99.96 0.04
3dbk 56.64 43.36 100.00 0.00
3dc0 19.54 80.46 99.98 0.02
3ddj 81.72 18.28 100.00 0.00
3dmg 34.43 65.57 98.17 1.83
3dxl 35.86 64.14 78.15 21.85
3e13 31.67 68.33 99.97 0.03
3e2o 55.08 44.92 99.95 0.05
3e4y 10.15 89.85 99.99 0.01
3ea6 18.15 81.85 100.00 0.00
3eaf 31.58 68.42 100.00 0.00
3eay 90.34 9.66 100.00 0.00
3etu 52.43 47.57 99.99 0.01
3evn 40.03 59.97 100.00 0.00
3f4s 21.94 78.06 100.00 0.00
3fhf 45.04 54.96 99.96 0.04
3fhh 24.70 75.30 100.00 0.00
3fhr 9.09 90.91 99.52 0.48
3fnr 60.11 39.89 99.96 0.04
3fuo 87.21 12.79 100.00 0.00
3g6m 1.16 98.84 100.00 0.00
3gb2 22.37 77.63 99.99 0.01
3gf8 20.17 79.83 99.78 0.22
3gmf 4.72 95.28 100.00 0.00
3gms 88.97 11.03 99.83 0.17
3go9 72.67 27.33 99.85 0.15
3goh 74.16 25.84 99.82 0.18
3gon 66.61 33.39 100.00 0.00
3h38 81.84 18.16 53.85 46.15
3h75 41.93 58.07 94.84 5.16
3h8j 19.19 80.81 99.98 0.02
3hc7 40.61 59.39 100.00 0.00
3hgp 4.61 95.39 100.00 0.00
3hjr 78.81 21.19 100.00 0.00
3hko 15.84 84.16 100.00 0.00
3hz6 88.88 11.12 99.99 0.01
3i3l 18.81 81.19 99.95 0.05
3i45 18.90 81.10 100.00 0.00
3i4h 16.81 83.19 99.96 0.04
3i6i 60.97 39.03 99.97 0.03
3ibt 3.64 96.36 100.00 0.00
3ii1 26.60 73.40 100.00 0.00
3ip5 21.51 78.49 92.12 7.88
3ir4 6.07 93.93 99.98 0.02
3k01 59.50 40.50 99.89 0.11
3ka2 74.04 25.96 100.00 0.00
3ka7 72.63 27.37 99.97 0.03
3kh5 88.53 11.47 99.99 0.01
3khi 11.74 88.26 99.99 0.01
3kjt 27.87 72.13 99.98 0.02
3kqj 11.35 88.65 95.61 4.39
3lhs 71.51 28.49 99.92 0.08
3lkm 70.52 29.48 100.00 0.00
3lop 10.49 89.51 99.84 0.16
3lup 15.39 84.61 100.00 0.00
3m7m 7.80 92.20 100.00 0.00
3mfj 12.75 87.24 100.00 0.00
3mhw 22.09 77.91 100.00 0.00
3mwf 53.62 46.38 100.00 0.00
3n0x 39.45 60.55 100.00 0.00
3n4t 57.09 42.91 99.95 0.05
3n7l 88.73 11.27 99.90 0.10
3nuq 46.38 53.62 99.98 0.02
3nvs 21.44 78.56 99.41 0.59
3nyc 59.32 40.68 99.74 0.26
3od7 34.18 65.82 99.24 0.76
3oen 7.39 92.61 99.98 0.02
3oh3 71.05 28.95 99.99 0.01
3omb 46.92 53.08 97.87 2.13
3oo8 41.42 58.58 99.99 0.01
3oxh 47.49 52.51 100.00 0.00
3oz2 81.81 18.19 100.00 0.00
3p02 31.55 68.45 94.38 5.62
3p0b 13.91 86.09 100.00 0.00
3p2w 84.77 15.23 100.00 0.00
3p3c 12.30 87.70 100.00 0.00
3p8g 17.28 82.72 100.00 0.00
3pdw 22.14 77.86 98.42 1.58
3pf2 42.90 57.10 98.56 1.44
3pfy 1.24 98.76 100.00 0.00
3phh 58.71 41.29 99.94 0.06
3pme 66.02 33.98 99.99 0.01
3pms 10.63 89.37 100.00 0.00
3ptr 24.31 75.69 99.99 0.01
3pvk 49.92 50.08 99.99 0.01
3pwz 69.78 30.22 99.80 0.20
3px8 2.62 97.38 100.00 0.00
3q5z 77.39 22.61 88.58 11.42
3q8g 2.92 97.08 100.00 0.00
3qbe 73.48 26.52 99.94 0.06
3qdh 25.69 74.31 99.73 0.27
3qv2 28.25 71.75 99.99 0.01
3r5t 37.78 62.22 99.95 0.05
3rc1 67.55 32.45 99.99 0.01
3rfn 16.29 83.71 100.00 0.00
3rns 53.47 46.53 99.99 0.01
3rp7 13.26 86.74 100.00 0.00
3rp9 32.05 67.95 99.98 0.02
3rpw 45.27 54.73 99.98 0.02
3rq4 63.69 36.31 99.98 0.02
3rrx 66.42 33.58 99.99 0.01
3rx7 6.12 93.88 99.98 0.02
3s44 75.42 24.58 99.87 0.13
3s99 74.73 25.27 99.93 0.07
3s9b 19.81 80.19 100.00 0.00
3sbs 94.27 5.73 99.61 0.39
3sqe 27.65 72.35 100.00 0.00
3ss7 26.29 73.71 100.00 0.00
3sto 82.00 18.00 99.96 0.04
3su0 33.04 66.96 100.00 0.00
3suu 6.53 93.47 99.94 0.06
3szy 8.90 91.10 100.00 0.00
3t7a 63.08 36.92 99.96 0.04
3tcq 49.11 50.89 100.00 0.00
3tdw 50.72 49.28 99.74 0.26
3thi 40.83 59.17 100.00 0.00
3tjm 37.02 62.98 99.98 0.02
3tqh 63.38 36.62 89.67 10.33
3tqo 47.74 52.26 99.82 0.18
3uc3 21.50 78.50 100.00 0.00
3ufc 30.16 69.84 100.00 0.00
3ufi 72.72 27.28 99.98 0.02
3ugc 46.88 53.12 99.98 0.02
3ugu 38.56 61.44 99.97 0.03
3uhm 18.97 81.03 100.00 0.00
3uif 8.80 91.20 100.00 0.00
3uk0 14.43 85.57 99.78 0.22
3un6 2.26 97.74 100.00 0.00
3utn 28.73 71.27 99.96 0.04
3uwp 32.33 67.67 100.00 0.00
3v39 65.53 34.47 99.92 0.08
3v3t 48.05 51.95 100.00 0.00
3v55 72.85 27.15 97.72 2.28
3v5f 19.85 80.15 100.00 0.00
3vla 64.36 35.64 100.00 0.00
3vue 51.58 48.42 99.89 0.11
3vxb 62.28 37.72 99.60 0.40
3w0s 39.42 60.58 99.89 0.11
3w4r 6.73 93.27 100.00 0.00
3w95 0.69 99.31 100.00 0.00
3war 15.96 84.04 100.00 0.00
3wy8 5.70 94.30 100.00 0.00
3zde 37.07 62.93 100.00 0.00
3zi1 49.94 50.06 100.00 0.00
3zuq 97.73 2.27 99.63 0.37
4an3 13.41 86.59 100.00 0.00
4anr 21.11 78.89 99.99 0.01
4aq4 30.49 69.51 99.99 0.01
4aru 14.09 85.91 100.00 0.00
4b7o 25.26 74.74 100.00 0.00
4bbw 40.81 59.19 89.96 10.04
4bgp 60.92 39.08 99.84 0.16
4blk 40.24 59.76 99.88 0.12
4br5 58.86 41.14 99.98 0.02
4btk 8.94 91.06 99.85 0.15
4bx0 17.57 82.43 98.59 1.41
4bzn 35.30 64.70 99.60 0.40
4c5p 12.60 87.40 100.00 0.00
4cdp 74.44 25.56 100.00 0.00
4cl2 31.62 68.38 100.00 0.00
4cn8 51.91 48.09 98.83 1.17
4cot 18.93 81.07 100.00 0.00
4cqh 5.19 94.81 94.39 5.61
4crc 12.66 87.34 100.00 0.00
4d3z 3.90 96.10 99.86 0.14
4dap 45.99 54.01 99.96 0.04
4dca 86.59 13.41 98.81 1.19
4dcc 24.13 75.87 100.00 0.00
4dol 62.72 37.28 99.97 0.03
4dqd 33.48 66.52 99.36 0.64
4ebv 37.65 62.35 99.46 0.54
4ecf 34.03 65.97 100.00 0.00
4ed4 71.19 28.81 99.99 0.01
4eff 10.74 89.26 99.87 0.13
4ei8 83.01 16.99 100.00 0.00
4eiu 4.28 95.72 99.02 0.98
4etx 45.41 54.59 64.81 35.19
4euo 18.87 81.13 100.00 0.00
4evr 49.33 50.67 99.95 0.05
4ewe 18.78 81.22 100.00 0.00
4ezi 21.04 78.96 100.00 0.00
4f06 10.40 89.60 99.00 1.00
4f0f 19.00 81.00 99.96 0.04
4f11 51.01 48.99 55.93 44.07
4f19 36.93 63.07 99.89 0.11
4f67 5.11 94.89 99.85 0.15
4f78 6.01 93.99 99.91 0.09
4fbh 28.65 71.35 100.00 0.00
4ffl 72.53 27.47 100.00 0.00
4fh3 98.73 1.27 99.60 0.40
4fhg 15.11 84.89 100.00 0.00
4fnv 77.87 22.13 100.00 0.00
4g3f 38.29 61.71 99.68 0.32
4g75 74.15 25.85 100.00 0.00
4g7f 3.17 96.83 99.96 0.04
4g97 20.51 79.49 98.41 1.59
4gax 82.82 17.18 100.00 0.00
4gc0 83.87 16.13 100.00 0.00
4gnr 57.76 42.24 85.58 14.42
4got 10.55 89.45 99.71 0.29
4gsr 22.02 77.98 100.00 0.00
4gv1 45.07 54.93 99.46 0.54
4gv2 88.57 11.43 99.78 0.22
4h27 34.82 65.18 99.75 0.25
4h59 32.80 67.20 100.00 0.00
4hl4 36.99 63.01 99.97 0.03
4hsq 53.07 46.93 98.03 1.97
4i35 77.59 22.41 96.39 3.61
4i62 20.55 79.45 99.06 0.94
4i6b 17.41 82.59 99.77 0.23
4i92 23.16 76.84 100.00 0.00
4idc 36.09 63.91 99.41 0.59
4inl 14.03 85.97 100.00 0.00
4iyk 19.93 80.07 100.00 0.00
4jb3 12.16 87.84 99.98 0.02
4jcn 9.99 90.01 100.00 0.00
4jsr 15.36 84.64 99.18 0.82
4k0n 21.07 78.93 99.98 0.02
4k69 14.10 85.90 99.99 0.01
4kds 88.10 11.90 99.99 0.01
4kh8 25.31 74.69 99.00 1.00
4kq9 26.70 73.30 99.99 0.01
4kqc 29.30 70.70 99.92 0.08
4ks8 58.09 41.91 99.79 0.21
4l22 71.71 28.29 99.83 0.17
4l6o 78.52 21.48 86.63 13.37
4l7g 34.67 65.33 99.97 0.03
4ljs 17.75 82.25 99.86 0.14
4m29 54.68 45.32 100.00 0.00
4m2b 59.23 40.77 99.91 0.09
4m68 35.87 64.13 99.96 0.04
4m7g 7.56 92.44 100.00 0.00
4m88 7.83 92.17 97.02 2.98
4m8i 36.82 63.18 99.99 0.01
4maa 43.38 56.62 99.99 0.01
4mnr 41.82 58.18 99.66 0.34
4n5x 49.11 50.89 100.00 0.00
4nhm 47.79 52.21 92.17 7.83
4nno 30.46 69.54 100.00 0.00
4no7 6.82 93.18 99.99 0.01
4nx2 78.69 21.31 99.86 0.14
4nzc 29.06 70.94 100.00 0.00
4o69 76.75 23.25 97.76 2.24
4ofj 16.60 83.40 99.32 0.68
4oll 68.49 31.51 99.49 0.51
4om9 63.54 36.46 99.92 0.08
4oos 3.60 96.40 100.00 0.00
4p0o 48.98 51.02 100.00 0.00
4p10 5.80 94.20 100.00 0.00
4pz0 45.20 54.80 98.52 1.48
4q68 65.77 34.23 100.00 0.00
4q7f 6.99 93.01 98.61 1.39
4qhq 5.74 94.26 99.89 0.11
4qs9 35.02 64.98 99.99 0.01
4qtc 57.79 42.21 99.76 0.24
4r1v 77.92 22.08 99.71 0.29
4r6k 39.24 60.76 99.28 0.72
4r75 57.90 42.10 99.74 0.26
4r78 34.07 65.93 100.00 0.00
4r8q 26.24 73.76 100.00 0.00
4r9i 61.12 38.88 100.00 0.00
4r9v 86.81 13.19 99.90 0.10
4rdc 54.13 45.87 98.05 1.95
4rek 41.29 58.71 100.00 0.00
4rel 61.20 38.80 99.94 0.06
4rfz 54.12 45.88 99.96 0.04
4rjz 41.47 58.53 99.76 0.24
4rl1 1.93 98.07 99.94 0.06
4roa 94.61 5.39 99.96 0.04
4rs3 4.28 95.72 99.40 0.60
4u4v 98.43 1.57 97.68 2.32
4uqe 6.03 93.97 100.00 0.00
4uwj 34.88 65.12 100.00 0.00
4whz 36.81 63.19 99.96 0.04
4wno 42.40 57.60 99.99 0.01
4wok 36.05 63.95 100.00 0.00
4wpg 28.31 71.69 100.00 0.00
4wua 61.55 38.45 99.93 0.07
4wxc 44.66 55.34 99.98 0.02
4x30 81.57 18.43 100.00 0.00
4x9m 22.39 77.61 99.99 0.01
4x9y 16.40 83.60 100.00 0.00
4xfk 27.78 72.22 100.00 0.00
4xq7 60.90 39.10 99.98 0.02
4xvh 5.53 94.47 99.98 0.02
4y5l 96.43 3.57 99.40 0.60
4y9t 21.57 78.43 100.00 0.00
4yfs 37.86 62.14 99.94 0.06
4yi5 63.25 36.75 100.00 0.00
4yle 29.09 70.91 89.49 10.51
4yll 53.65 46.35 98.56 1.44
4yp2 3.04 96.96 100.00 0.00
4z2a 7.48 92.52 100.00 0.00
4z55 37.90 62.10 99.99 0.01
4zk3 83.16 16.84 99.98 0.02
4zpj 52.71 47.29 99.13 0.87
4zye 90.14 9.86 99.99 0.01
4zzn 60.58 39.42 99.76 0.24
5a2a 18.88 81.12 99.99 0.01
5ad1 58.23 41.77 100.00 0.00
5b2l 33.43 66.57 99.98 0.02
5bra 47.85 52.15 100.00 0.00
5bsv 16.84 83.16 99.15 0.85
5cad 94.45 5.55 99.98 0.02
5cem 5.52 94.48 100.00 0.00
5cr9 30.90 69.10 99.97 0.03
5cxh 40.83 59.17 99.95 0.05
5d6f 6.95 93.05 100.00 0.00
5d7z 29.44 70.56 100.00 0.00
5d9w 9.75 90.25 96.77 3.23
5da3 43.57 56.43 100.00 0.00
5dab 62.21 37.79 99.92 0.08
5dgj 22.13 77.87 100.00 0.00
5dp2 95.60 4.40 99.83 0.17
5drb 87.26 12.74 99.27 0.73
5dz6 4.32 95.68 99.96 0.04
5e8s 11.08 88.92 99.93 0.07
5eg5 12.52 87.48 99.98 0.02
5ei6 19.84 80.16 99.99 0.01
5fal 97.08 2.92 100.00 0.00
5g08 51.50 48.50 99.97 0.03
5gnk 50.27 49.73 99.95 0.05
5h04 93.53 6.47 99.18 0.82
5hxf 2.26 97.74 100.00 0.00
5hya 79.44 20.56 99.76 0.24
5i4n 55.44 44.56 99.78 0.22
5icq 24.58 75.42 63.54 36.46
5im1 56.63 43.37 100.00 0.00
5iv4 59.46 40.54 99.95 0.05
5jmf 93.80 6.20 99.79 0.21
5jvi 19.74 80.26 99.98 0.02
5lvo 44.24 55.76 99.40 0.60
5m4p 59.22 40.78 99.96 0.04
5tew 35.59 64.41 99.98 0.02
5tha 84.01 15.99 99.94 0.06
5tme 56.37 43.63 99.98 0.02
7taa 37.38 62.62 100.00 0.00
