1i3a_1bco 155 222 0.690323
1itx_2xsb 346 275 0.858182
1itx_3co4 346 261 0.94636
1itx_3dc0 346 344 0.729651
1itx_3suu 346 344 0.69186
1itx_4x9y 346 402 0.739884
1itx_5a2a 346 363 0.745665
1l8t_2h6d 90 86 0.895349
1l8t_2qlu 90 82 0.902439
1l8t_2r3i 90 76 0.907895
1l8t_2w5a 90 64 0.90625
1l8t_3bhy 90 91 0.855556
1l8t_3fhr 90 82 0.914634
1l8t_3gb2 90 79 0.924051
1l8t_3hko 90 88 0.931818
1l8t_3lkm 90 157 0.877778
1l8t_4btk 90 61 0.934426
1l8t_4f0f 90 93 0.822222
1l8t_4i92 90 96 0.888889
1l8t_4r1v 90 103 0.855556
1l8t_5cem 90 73 0.90411
1l8t_5e8s 90 87 0.896552
1l8t_5ei6 90 89 0.88764
1lj8_2p5y 278 200 0.815
1lj8_4ffl 278 94 0.946809
1lj8_4wpg 278 205 0.731707
1mwo_1itx 337 346 0.771513
1mwo_1vf8 337 302 0.794702
1mwo_2xsb 337 275 0.872727
1mwo_3alf 337 278 0.856115
1mwo_3co4 337 261 0.881226
1mwo_3g6m 337 325 0.763077
1mwo_3suu 337 344 0.756677
1mwo_3w4r 337 305 0.809836
1mwo_4nzc 337 300 0.793333
1o6g_3ibt 357 190 0.984211
1o6g_4ezi 357 268 0.847015
1pb8_5icq 174 313 0.672414
1s6y_1lj8 164 278 0.871951
1s6y_2p5y 164 200 0.768293
1s6y_3c7a 164 205 0.75
1s6y_4ffl 164 94 0.904255
1s6y_4wpg 164 205 0.646341
1t46_1l8t 96 90 0.855556
1t46_3lkm 96 157 0.947917
1t46_4dca 96 85 0.847059
1w9h_3d02 157 145 0.772414
1w9h_3i45 157 198 0.745223
1w9h_3ip5 157 200 0.751592
1w9h_3lop 157 207 0.738854
1w9h_3s99 157 136 0.764706
1w9h_3uk0 157 203 0.726115
1w9h_4f06 157 189 0.719745
1w9h_4kqc 157 159 0.726115
1w9h_4m88 157 205 0.738854
1w9h_4rs3 157 162 0.694268
1w9h_4y9t 157 138 0.775362
1w9h_4yle 157 134 0.820896
1wf3_2o5v 182 181 0.519337
1wf3_2qor 182 127 0.771654
1wf3_2ze6 182 124 0.701613
1wf3_3a1t 182 168 0.89881
1wf3_3crr 182 152 0.736842
1z17_1w9h 199 157 0.745223
1z6m_3ir4 109 74 0.756757
2axn_1wf3 211 182 0.697802
2axn_2o5v 211 181 0.502762
2axn_2qor 211 127 0.92126
2axn_2ze6 211 124 0.790323
2axn_3a1t 211 168 0.767857
2axn_3crr 211 152 0.802632
2cb9_1o6g 174 357 0.971264
2cb9_1yr2 174 339 0.931034
2cb9_3ibt 174 190 0.942529
2cb9_4ezi 174 268 0.942529
2fbo_1ut9 137 98 0.846939
2fbo_3rx7 137 81 0.91358
2h6d_3lkm 86 157 0.918605
2h6d_4dca 86 85 0.847059
2ip1_1nzj 247 135 0.614815
2o5v_2qor 181 127 0.622047
2o5v_2ze6 181 124 0.637097
2o5v_3a1t 181 168 0.60119
2o5v_3crr 181 152 0.592105
2p5y_3c7a 200 205 0.705
2p5y_4ffl 200 94 0.978723
2qlt_3pdw 177 161 0.89441
2qlu_3lkm 82 157 1
2qlu_4dca 82 85 0.853659
2qor_2ze6 127 124 0.475806
2qor_3a1t 127 168 0.779528
2qor_3crr 127 152 0.685039
2r3i_3lkm 76 157 0.986842
2r3i_4dca 76 85 0.868421
2rb5_2qlt 160 177 0.875
2rb5_2wf7 160 140 0.95
2rb5_3pdw 160 161 0.9
2rb5_4dcc 160 129 0.922481
2rb5_4jb3 160 134 0.925373
2w5a_3lkm 64 157 0.984375
2w5a_4dca 64 85 0.78125
2xsb_1vf8 275 302 0.872727
2xsb_3alf 275 278 0.865455
2xsb_3co4 275 261 0.885057
2xsb_3dc0 275 344 0.894545
2xsb_3g6m 275 325 0.858182
2xsb_3suu 275 344 0.869091
2xsb_3w4r 275 305 0.883636
2xsb_4nzc 275 300 0.869091
2xsb_4x9y 275 402 0.876364
2xsb_5a2a 275 363 0.912727
2ze6_3a1t 124 168 0.653226
2zo4_2i7v 252 264 0.734127
3a1t_3crr 168 152 0.651316
3bhy_3lkm 91 157 0.901099
3bhy_4dca 91 85 0.847059
3c4a_3ka7 213 209 0.655502
3c4a_3oz2 213 228 0.774648
3c4a_3rp7 213 158 0.93038
3c4a_4x9m 213 225 0.638498
3co4_1vf8 261 302 0.961686
3co4_3alf 261 278 0.934866
3co4_3dc0 261 344 0.89272
3co4_3g6m 261 325 0.954023
3co4_3suu 261 344 0.869732
3co4_3w4r 261 305 0.969349
3co4_4nzc 261 300 0.934866
3co4_4x9y 261 402 0.881226
3co4_5a2a 261 363 0.904215
3dc0_1vf8 344 302 0.811258
3dc0_3alf 344 278 0.845324
3dc0_3g6m 344 325 0.741538
3dc0_3suu 344 344 0.776163
3dc0_3w4r 344 305 0.8
3dc0_4nzc 344 300 0.78
3fhr_3lkm 82 157 0.987805
3fhr_4dca 82 85 0.817073
3gb2_3lkm 79 157 0.987342
3gb2_4dca 79 85 0.848101
3gmf_1z6m 93 109 0.903226
3gmf_3ir4 93 74 0.743243
3hko_3lkm 88 157 0.931818
3hko_4dca 88 85 0.858824
3i3l_3c4a 425 213 0.953052
3i3l_3ka7 425 209 0.851675
3i3l_3oz2 425 228 0.964912
3i3l_3rp7 425 158 1
3i3l_4x9m 425 225 0.822222
3ibt_1yr2 190 339 0.952632
3ibt_4ezi 190 268 0.963158
3ka7_3oz2 209 228 0.799043
3ka7_3rp7 209 158 0.759494
3ka7_4x9m 209 225 0.842105
3lkm_4btk 157 61 0.967213
3lkm_4dca 157 85 0.882353
3lkm_4f0f 157 93 0.88172
3lkm_4i92 157 96 0.885417
3lkm_4r1v 157 103 0.864078
3lkm_5cem 157 73 1
3lkm_5e8s 157 87 0.977011
3lkm_5ei6 157 89 0.955056
3oz2_3rp7 228 158 0.962025
3pdw_2wf7 161 140 0.957143
3pdw_4dcc 161 129 0.976744
3pdw_4jb3 161 134 0.970149
3rp7_4x9m 158 225 0.791139
3suu_1vf8 344 302 0.771523
3suu_3alf 344 278 0.827338
3suu_3g6m 344 325 0.716923
3suu_3w4r 344 305 0.777049
3suu_4nzc 344 300 0.766667
3suu_4x9y 344 402 0.770349
3suu_5a2a 344 363 0.790698
4btk_4dca 61 85 0.885246
4d3z_3v55 279 229 0.816594
4ezi_1yr2 268 339 0.824627
4f0f_4dca 93 85 0.847059
4ffl_3c7a 94 205 0.893617
4ffl_4wpg 94 205 0.829787
4i92_4dca 96 85 0.870588
4ofj_1pb8 252 174 0.609195
4ofj_1si0 252 147 0.632653
4ofj_1xs5 252 134 0.69403
4ofj_2czl 252 176 0.505682
4ofj_2ons 252 143 0.657343
4ofj_2v3u 252 147 0.646259
4ofj_2v84 252 161 0.571429
4ofj_3oen 252 157 0.649682
4ofj_3uif 252 225 0.466667
4ofj_3un6 252 186 0.526882
4ofj_4euo 252 191 0.507853
4ofj_4got 252 136 0.683824
4ofj_4i62 252 144 0.666667
4ofj_4qhq 252 133 0.691729
4r1v_4dca 103 85 0.858824
4wpg_3c7a 205 205 0.643902
4x9y_1vf8 402 302 0.834437
4x9y_3alf 402 278 0.874101
4x9y_3g6m 402 325 0.76
4x9y_3w4r 402 305 0.829508
4x9y_4nzc 402 300 0.79
4xvh_3c7e 107 142 0.906542
5a2a_1vf8 363 302 0.854305
5a2a_3alf 363 278 0.870504
5a2a_3g6m 363 325 0.772308
5a2a_3w4r 363 305 0.852459
5a2a_4nzc 363 300 0.826667
5cem_4dca 73 85 0.876712
5e8s_4dca 87 85 0.823529
5ei6_4dca 89 85 0.905882
5icq_1si0 313 147 0.666667
5icq_1xs5 313 134 0.731343
5icq_2czl 313 176 0.522727
5icq_2ons 313 143 0.699301
5icq_2v3u 313 147 0.653061
5icq_2v84 313 161 0.614907
5icq_3oen 313 157 0.66879
5icq_3uif 313 225 0.488889
5icq_3un6 313 186 0.526882
5icq_4euo 313 191 0.52356
5icq_4got 313 136 0.713235
5icq_4i62 313 144 0.708333
5icq_4qhq 313 133 0.721805
1r6x_1nzj 213 138 0.514493
2q8k_4zye 60 84 0.766667
2yhs_1f5n 211 270 0.701422
2zo4_2q8k 49 60 0.632653
2zo4_4zye 49 84 0.816327
2zo4_5d6f 49 80 0.755102
3qdh_2fbo 115 113 0.663717
4aru_2axn 120 202 0.633333
4g97_1z17 130 145 0.8
4g97_3d02 130 146 0.738462
4g97_3i45 130 180 0.815385
4g97_3ip5 130 148 0.784615
4g97_3lop 130 140 0.746154
4g97_3s99 130 194 0.753846
4g97_3uk0 130 147 0.769231
4g97_4f06 130 166 0.784615
4g97_4kqc 130 157 0.746154
4g97_4m88 130 140 0.746154
4g97_4rs3 130 145 0.753846
4g97_4y9t 130 173 0.738462
4g97_4yle 130 141 0.753846
4i35_3khi 232 112 0.625
4no7_2ivn 161 157 0.55414
4no7_3hz6 161 243 0.68323
4r8q_1t46 284 180 0.855556
4r8q_2h6d 284 170 0.847059
4r8q_2qlu 284 215 0.776744
4r8q_2r3i 284 211 0.78673
4r8q_2w5a 284 203 0.871921
4r8q_3bhy 284 177 0.926554
4r8q_3fhr 284 185 0.789189
4r8q_3gb2 284 243 0.744856
4r8q_3hko 284 226 0.765487
4r8q_4btk 284 201 0.920398
4r8q_4f0f 284 183 0.901639
4r8q_4i92 284 193 0.891192
4r8q_4r1v 284 186 0.870968
4r8q_5cem 284 179 0.843575
4r8q_5e8s 284 214 0.78972
4r8q_5ei6 284 173 0.855491
4zye_5d6f 84 80 0.6625
1bco_1w9h 222 241 0.684685
1i3a_1w9h 155 241 0.76129
1itx_3ii1 346 402 0.794798
1l8t_3q5z 90 121 0.877778
1l8t_3war 90 91 0.844444
1lj8_2w4q 278 181 0.718232
1lj8_3b6z 278 188 0.675532
1lj8_3gms 278 126 0.896825
1lj8_3goh 278 108 0.805556
1lj8_5dp2 278 141 0.843972
1nzj_1r6x 135 213 0.644444
1r1h_3khi 322 112 0.741071
1r1h_4i35 322 232 0.564655
1s6y_2w4q 164 181 0.670732
1s6y_3b6z 164 188 0.615854
1s6y_3gms 164 126 0.84127
1s6y_3goh 164 108 0.805556
1s6y_5dp2 164 141 0.758865
1ut9_2fbo 98 113 0.795918
1ut9_3qdh 98 115 0.673469
1vf8_3ii1 302 402 0.84106
1w9h_1z17 157 145 0.737931
1w9h_3d02 157 146 0.712329
1w9h_3i45 157 180 0.687898
1w9h_3ip5 157 148 0.736486
1w9h_3lop 157 140 0.728571
1w9h_3s99 157 194 0.707006
1w9h_3uk0 157 147 0.707483
1w9h_4f06 157 166 0.681529
1w9h_4g97 157 130 0.784615
1w9h_4kqc 157 157 0.675159
1w9h_4m88 157 140 0.735714
1w9h_4rs3 157 145 0.662069
1w9h_4y9t 157 173 0.66242
1w9h_4yle 157 141 0.716312
1wf3_1f5n 182 270 0.906593
1wf3_2yhs 182 211 0.769231
1z17_4g97 199 130 0.892308
2axn_1f5n 211 270 0.616114
2axn_2yhs 211 211 0.672986
2fbo_3qdh 137 115 0.686957
2ip1_1nzj 247 138 0.557971
2ip1_1r6x 247 213 0.633803
2ivn_4no7 168 161 0.770186
2o5v_1f5n 181 270 0.640884
2o5v_2yhs 181 211 0.674033
2p5y_2w4q 200 181 0.762431
2p5y_3b6z 200 188 0.617021
2p5y_3gms 200 126 0.896825
2p5y_3goh 200 108 0.787037
2p5y_5dp2 200 141 0.815603
2qlt_3pdw 177 96 0.75
2qor_1f5n 127 270 0.755906
2qor_2yhs 127 211 0.771654
2rb5_3pdw 160 96 0.697917
2wf7_3pdw 140 96 0.760417
2xsb_3ii1 275 402 0.890909
2z38_4anr 188 183 0.595628
2ze6_1f5n 124 270 0.693548
2ze6_2yhs 124 211 0.887097
3a1t_1f5n 168 270 0.904762
3a1t_2yhs 168 211 0.85119
3alf_3ii1 278 402 0.874101
3c7a_2w4q 205 181 0.701657
3c7a_3b6z 205 188 0.62234
3c7a_3gms 205 126 0.865079
3c7a_3goh 205 108 0.796296
3c7a_5dp2 205 141 0.780142
3c7e_3hjr 142 164 0.788732
3co4_3ii1 261 402 0.877395
3crr_1f5n 152 270 0.690789
3crr_2yhs 152 211 0.855263
3d02_4g97 145 130 0.830769
3g6m_3ii1 325 402 0.787692
3h38_4fh3 159 125 0.832
3hz6_4no7 247 161 0.73913
3i45_4g97 198 130 0.907692
3ip5_4g97 200 130 0.907692
3lkm_3q5z 157 121 0.785124
3lkm_3war 157 91 0.934066
3lop_4g97 207 130 0.876923
3rx7_2fbo 81 113 0.888889
3rx7_3qdh 81 115 0.765432
3s99_4g97 136 130 0.792308
3suu_3ii1 344 402 0.75
3szy_1eqj 302 272 0.830882
3uk0_4g97 203 130 0.876923
3w4r_3ii1 305 402 0.855738
4aru_2axn 285 202 0.767327
4dca_3q5z 85 121 0.941176
4dca_3war 85 91 0.835294
4dcc_3pdw 129 96 0.71875
4eiu_2nsm 103 78 0.923077
4f06_4g97 189 130 0.846154
4ffl_2w4q 94 181 1
4ffl_3b6z 94 188 0.93617
4ffl_3gms 94 126 0.914894
4ffl_3goh 94 108 0.787234
4ffl_5dp2 94 141 0.93617
4iyk_2nsm 90 78 0.987179
4jb3_3pdw 134 96 0.739583
4kqc_4g97 159 130 0.846154
4m88_4g97 205 130 0.9
4nzc_3ii1 300 402 0.853333
4ofj_1pb8 252 108 0.666667
4ofj_1si0 252 169 0.556213
4ofj_1xs5 252 106 0.764151
4ofj_2czl 252 93 0.752688
4ofj_2ons 252 171 0.584795
4ofj_2v3u 252 106 0.735849
4ofj_2v84 252 158 0.626582
4ofj_3oen 252 93 0.784946
4ofj_3uif 252 102 0.754902
4ofj_3un6 252 95 0.768421
4ofj_4euo 252 122 0.762295
4ofj_4got 252 106 0.801887
4ofj_4i62 252 93 0.731183
4ofj_4qhq 252 108 0.768519
4rs3_4g97 162 130 0.838462
4wpg_2w4q 205 181 0.646409
4wpg_3b6z 205 188 0.611702
4wpg_3gms 205 126 0.793651
4wpg_3goh 205 108 0.657407
4wpg_5dp2 205 141 0.723404
4xvh_3hjr 107 164 0.878505
4y9t_4g97 138 130 0.784615
4yle_4g97 134 130 0.830769
5icq_1pb8 313 108 0.666667
5icq_1si0 313 169 0.609467
5icq_1xs5 313 106 0.716981
5icq_2czl 313 93 0.784946
5icq_2ons 313 171 0.637427
5icq_2v3u 313 106 0.783019
5icq_2v84 313 158 0.64557
5icq_3oen 313 93 0.795699
5icq_3uif 313 102 0.754902
5icq_3un6 313 95 0.810526
5icq_4euo 313 122 0.663934
5icq_4got 313 106 0.792453
5icq_4i62 313 93 0.763441
5icq_4qhq 313 108 0.796296
1eqj_3szy 272 302 0.830882
1f5n_1wf3 270 182 0.906593
1f5n_2axn 270 211 0.616114
1f5n_2o5v 270 181 0.640884
1f5n_2qor 270 127 0.755906
1f5n_2ze6 270 124 0.693548
1f5n_3a1t 270 168 0.904762
1f5n_3crr 270 152 0.690789
1nzj_2ip1 138 247 0.557971
1pb8_4ofj 108 252 0.666667
1pb8_5icq 108 313 0.666667
1r6x_1nzj 213 135 0.644444
1r6x_2ip1 213 247 0.633803
1si0_4ofj 169 252 0.556213
1si0_5icq 169 313 0.609467
1w9h_1bco 241 222 0.684685
1w9h_1i3a 241 155 0.76129
1xs5_4ofj 106 252 0.764151
1xs5_5icq 106 313 0.716981
1z17_1w9h 145 157 0.737931
2czl_4ofj 93 252 0.752688
2czl_5icq 93 313 0.784946
2fbo_1ut9 113 98 0.795918
2fbo_3rx7 113 81 0.888889
2nsm_4eiu 78 103 0.923077
2nsm_4iyk 78 90 0.987179
2ons_4ofj 171 252 0.573099
2ons_5icq 171 313 0.637427
2v3u_4ofj 106 252 0.735849
2v3u_5icq 106 313 0.783019
2v84_4ofj 158 252 0.626582
2v84_5icq 158 313 0.64557
2w4q_1lj8 181 278 0.718232
2w4q_1s6y 181 164 0.670732
2w4q_2p5y 181 200 0.762431
2w4q_3c7a 181 205 0.701657
2w4q_4ffl 181 94 1
2w4q_4wpg 181 205 0.646409
2yhs_1wf3 211 182 0.769231
2yhs_2axn 211 211 0.672986
2yhs_2o5v 211 181 0.674033
2yhs_2qor 211 127 0.771654
2yhs_2ze6 211 124 0.887097
2yhs_3a1t 211 168 0.85119
2yhs_3crr 211 152 0.855263
3b6z_1lj8 188 278 0.675532
3b6z_1s6y 188 164 0.615854
3b6z_2p5y 188 200 0.617021
3b6z_3c7a 188 205 0.62234
3b6z_4ffl 188 94 0.93617
3b6z_4wpg 188 205 0.611702
3d02_1w9h 146 157 0.712329
3gms_1lj8 126 278 0.896825
3gms_1s6y 126 164 0.84127
3gms_2p5y 126 200 0.896825
3gms_3c7a 126 205 0.865079
3gms_4ffl 126 94 0.914894
3gms_4wpg 126 205 0.793651
3goh_1lj8 108 278 0.805556
3goh_1s6y 108 164 0.805556
3goh_2p5y 108 200 0.787037
3goh_3c7a 108 205 0.796296
3goh_4ffl 108 94 0.787234
3goh_4wpg 108 205 0.657407
3hjr_3c7e 164 142 0.788732
3hjr_4xvh 164 107 0.878505
3i45_1w9h 180 157 0.687898
3ii1_1itx 402 346 0.794798
3ii1_1vf8 402 302 0.84106
3ii1_2xsb 402 275 0.890909
3ii1_3alf 402 278 0.874101
3ii1_3co4 402 261 0.877395
3ii1_3g6m 402 325 0.787692
3ii1_3suu 402 344 0.75
3ii1_3w4r 402 305 0.855738
3ii1_4nzc 402 300 0.853333
3ip5_1w9h 148 157 0.736486
3khi_1r1h 112 322 0.741071
3lop_1w9h 140 157 0.728571
3oen_4ofj 93 252 0.784946
3oen_5icq 93 313 0.795699
3pdw_2qlt 96 177 0.75
3pdw_2rb5 96 160 0.697917
3pdw_2wf7 96 140 0.760417
3pdw_4dcc 96 129 0.71875
3pdw_4jb3 96 134 0.739583
3q5z_1l8t 121 90 0.877778
3q5z_3lkm 121 157 0.785124
3q5z_4dca 121 85 0.941176
3qdh_1ut9 115 98 0.673469
3qdh_2fbo 115 137 0.686957
3qdh_3rx7 115 81 0.765432
3s99_1w9h 194 157 0.707006
3uif_4ofj 102 252 0.754902
3uif_5icq 102 313 0.754902
3uk0_1w9h 147 157 0.707483
3un6_4ofj 95 252 0.768421
3un6_5icq 95 313 0.810526
3war_1l8t 91 90 0.844444
3war_3lkm 91 157 0.934066
3war_4dca 91 85 0.835294
4anr_2z38 183 188 0.595628
4euo_4ofj 122 252 0.762295
4euo_5icq 122 313 0.663934
4f06_1w9h 166 157 0.681529
4fh3_3h38 125 159 0.832
4g97_1w9h 130 157 0.784615
4g97_1z17 130 199 0.892308
4g97_3d02 130 145 0.830769
4g97_3i45 130 198 0.907692
4g97_3ip5 130 200 0.907692
4g97_3lop 130 207 0.876923
4g97_3s99 130 136 0.792308
4g97_3uk0 130 203 0.876923
4g97_4f06 130 189 0.846154
4g97_4kqc 130 159 0.846154
4g97_4m88 130 205 0.9
4g97_4rs3 130 162 0.838462
4g97_4y9t 130 138 0.784615
4g97_4yle 130 134 0.830769
4got_4ofj 106 252 0.801887
4got_5icq 106 313 0.792453
4i35_1r1h 232 322 0.564655
4i62_4ofj 93 252 0.731183
4i62_5icq 93 313 0.763441
4kqc_1w9h 157 157 0.675159
4m88_1w9h 140 157 0.735714
4no7_2ivn 161 168 0.770186
4no7_3hz6 161 247 0.73913
4qhq_4ofj 108 252 0.768519
4qhq_5icq 108 313 0.796296
4r8q_3q5z 284 215 0.8
4r8q_3war 284 235 0.73617
4rs3_1w9h 145 157 0.662069
4y9t_1w9h 173 157 0.66242
4yle_1w9h 141 157 0.716312
5dp2_1lj8 141 278 0.843972
5dp2_1s6y 141 164 0.758865
5dp2_2p5y 141 200 0.815603
5dp2_3c7a 141 205 0.780142
5dp2_4ffl 141 94 0.93617
5dp2_4wpg 141 205 0.723404
